#type spacedensity       Mz       My      Mi
0        0.31e-3         14.52    13.58  16.00
1        0.63e-3         14.93    13.97  16.41
2        0.47e-3         15.30    14.33  16.73
3        0.28e-3         15.88    14.89  17.40
4        0.66e-3         16.68    15.66  18.35
5        0.66e-3         16.94    15.87  18.71
6        0.81e-3         17.35    16.27  19.27
7        0.60e-3         18.18    17.13  20.09
8        0.31e-3         18.10    17.04  20.38
9        0.63e-3         17.69    16.57  20.09
10       0.24e-3         17.98    16.77  20.22
11       0.24e-3         18.84    17.45  21.10
12       0.44e-3         18.26    16.75  21.97
13       0.27e-3         18.08    16.50  22.5
14       0.47e-3         18.02    16.32  22.5
15       1.18e-3         19.20    17.43  22.69
16       1.45e-3         19.82    18.06  23.0
17       1.52e-3         21.17    19.34  23.5
18       3.54e-3         21.52    19.75  24.0
19       1.86e-3         21.82    20.37  25.0
