|               MJD|            ra_pi_amp|            dec_pi_amp|filter|         seeingFWHM|               snr|     position_errors|    fiveSigmaDepth|             fieldRA|           fieldDec|
|            double|               double|                double|  char|             double|            double|              double|            double|              double|             double|
|                  |                     |                      |      |                   |                  |                    |                  |                    |                   |
|              null|                 null|                  null|  null|               null|              null|                null|              null|                null|               null|
  60546.34742500379   0.43141146214971865   -0.13580838567842154      z  0.7805987773504484  70.31504245434222 0.014941289921410257 22.870195597444948   358.86784245746026 -20.871191271359404 
  60546.36385683389   0.43118222413608903   -0.13594480331519557      y  0.7848953255411915  34.56796213593943  0.02481040306818985  22.09925943315603   358.86784245746026 -20.871191271359404 
  62338.31220136582    0.8068445821177149     0.1495239783979217      z  0.7452825212456351  84.57953466351648 0.013328338447512533  23.07073821774122    358.4183821711213 -20.883670139472088 
  62732.36429687774    0.4963147037773751   -0.09583837898463037      z  0.8436377079984321  67.77610283015616 0.015966787333526966 22.830266471672655   358.52933767520256  -20.93819069226807 
 63199.099580152855   -0.8394131440672249    -0.4677611145656993      z  0.7365486392930756  63.48264979563449 0.015317140325987301 22.759212604452227    358.6825542728054   -20.8330858111134 
   61248.2855901018    0.7636625666584078    0.10428076770757531      y  1.0385656790902231 26.147071885574075  0.04095962040332776  21.79613264137092     358.541018262455  -20.95326582617632 
  61248.26919296032    0.7638120633900733    0.10441927007059164      z   1.148184604600706  43.16738087103559 0.028416131605525544 22.340464237059404     358.541018262455  -20.95326582617632 
  62338.32959973757    0.8067073255775996    0.14938098224641067      y  1.2506074069587645  24.51606777015144  0.05198267179872452 21.726202022181937    358.4183821711213 -20.883670139472088 
 60217.249182268766  -0.11939881902004572   -0.39226105272676864      y  0.7621906537732028 28.114447077976685 0.028895804468664646  21.87489885599519   359.02665771989416 -20.875276455438698 
  61247.40372839448    0.7720443398320638    0.11082214338344273      z   1.035036562392447  63.80588026420354  0.01905628191223633  22.76472675056381   358.58346629875524  -21.04861926616903 
    60217.264821505  -0.11964249782373637    -0.3923456259381767      y  0.7393332450590167 28.284903654281464 0.027986362854223717 21.881461748558184   359.02665771989416 -20.875276455438698 
 60576.284554672195 -0.016043692217496342    -0.3569273079818998      y  0.7181113867005308 39.531958486548284 0.020735947138397434  22.24494581573527    359.2438070267893 -20.916009528337717 
 61995.365815967096     0.601567816747519  -0.042229330525920185      z  0.6970765773026256  86.89035429157644 0.012820306862205002 23.100003909267556    359.9472471554921 -21.470339814190567 
  62761.27578322806   0.08920131164464254   -0.32794160106259124      z  0.7364379254905602  79.81219666743725 0.013606616887662997 23.007748149260244   359.69332733379605 -21.483359789997596 
  60900.35248348521    0.5937689412241486   -0.04438529804304577      z  0.9808018871245416  47.99299970327251  0.02275180272104258 22.455519727809758    359.8226007555314 -21.348322917192647 
  61751.05578278671    -0.886472183403143    -0.4204211760455699      z   0.726630456483501  67.45389216277262  0.01469834872439893  22.82509252414442   359.80539407155436 -21.021846162471867 
 62459.101185459585   -0.7645303361776405    -0.4995940884581824      z  1.1202101950160717  38.62644470207569  0.03067678302676335 22.219786829588838   359.37714621285056 -21.414322824776093 
  60100.43478285394      0.90203367221324     0.4578482003659159      z  0.5493604347937245  86.13192569608645 0.011860881711751169  23.09048538183857    359.1030104930963 -20.837257381069122 
  60576.26812986061  -0.01578541422913977    -0.3568267187485449      z  0.6663070154670301  92.07839591964975  0.01234358361277777 23.162969351473613    359.2438070267893 -20.916009528337717 
  61667.28748312185   0.07042289568531095   -0.33492897220241585      y   1.116762537555791  22.92854117550151  0.04972218544637965  21.65351604840255   359.95409092726476 -21.278263930767828 
  60100.40882095936    0.8995172233458043     0.4618721002326279      y   0.599885024624975 44.858065133114195  0.01669838338999338 22.382176332131657    359.6123932615172  -21.37233985183995 
  60622.01630115269   -0.6549133952385366    -0.5037407126644357      z  0.6277759458232625 100.39561678529441 0.011794078061733541 23.256861869600925    359.4022230162862  -20.98625164935772 
  62012.21036869541   0.37116039939821804    -0.1809333713495906      y  0.8855595659936042   33.6411860299157 0.028159114646788035  22.06975323559889    359.5514525988425 -21.078908708872543 
  61667.30233305136   0.07018977653512685    -0.3350278646154738      y  1.8802820005164875 12.984473856001228  0.14515489559642097 21.036135879836667   359.95409092726476 -21.278263930767828 
  63490.17013586268   0.11429191797144198    -0.3071753986869092      z  0.9908892302530581  58.06931034397301  0.01977819189142502 22.662441659651154    359.6376600245705  -20.98919772504553 
 60629.176200306465   -0.7291005016062818    -0.5006688803094415      y  0.8556523316719205 25.111906216358186  0.03551067830909411 21.752274191076065    359.1977285018298 -21.369380915756054 
  63015.41347350037    0.8612117556037561    0.48379914016078895      y  0.9781247074270832  28.88358206209144  0.03531000549007952  21.90420261976019    359.6213349653668  -21.29205257494612 
 63134.156617366054 -0.034808894367892994    -0.3782847160587627      y  0.6398577049290946 48.724380464069135 0.016506191297553784 22.471940803464953    359.4684335244938 -21.613236011547134 
 63134.140094398805  -0.03454903366847686    -0.3781860394824391      z  0.6019170531079583  106.0572322224133 0.011498267163040515 23.316425712007845    359.4684335244938 -21.613236011547134 
  62459.11831987513   -0.7646752837217906    -0.4995611440466046      y  1.2690781828190774   18.8391909371225  0.06810192507544842  21.44023060856536   359.37714621285056 -21.414322824776093 
  60629.16127061106   -0.7289624415039561    -0.5006890959089041      y  0.8595994164368811 26.153184069475166 0.034355447657065455  21.79638641524872    359.1977285018298 -21.369380915756054 
   62012.1946546425   0.37138725282458973    -0.1808052729432025      y  0.8931652128812161  32.77646608537222 0.029027113672282442 22.041480305934588    359.5514525988425 -21.078908708872543 
 59866.225763579794   -0.3246453478242905   -0.46435688453022206      z  0.7242209109498121  78.33747991202961  0.01361865923293102  22.98749898001624    359.8756621535975 -21.227200248421116 
  62697.31275540076     0.858023161051842    0.20334682714122956      y  1.3594201944764615 17.866206062774353  0.07674322540209515  21.38265583587808    359.4960083366147  -21.12424163324393 
 63490.187478786465   0.11402114979838675   -0.30729571608772516      y  0.9932134841376958 29.614688283432923  0.03499697900264007 21.931342903483376    359.6376600245705  -20.98919772504553 
  60900.36909670603    0.5935668317979118  -0.044530443231495485      y  1.0628820372604615 24.048652368345273  0.04531433092594832 21.705301850457495    359.8226007555314 -21.348322917192647 
 62697.297364173864    0.8581174354754268    0.20347001394283387      y   1.315404309567565 18.022734957245476  0.07366771140390817  21.39212672917386    359.4960083366147  -21.12424163324393 
  63015.41481760398    0.8612198211981948     0.4837948024442494      y  0.9755882875510246 29.023414826847073   0.0350697865342025 21.909446262102684    359.6213349653668  -21.29205257494612 
  61338.19241197137   -0.4903554340777209   -0.48053509246236975      y   0.752951680194381 28.415418995425853 0.028322143841346268 21.886460149795074    358.7423586411422  -20.26285349239772 
 60594.068479815716  -0.29770253429923027    -0.4408588148303596      y  0.9590059570348313 30.485024127915118 0.033009429184915694  21.96279134688039    358.8032724752176 -20.516354477636817 
  62751.29336399264    0.2242468398799115   -0.24605483759063304      z  0.8661591107501347  69.90441991881481  0.01592254585618668   22.8638365796567   358.55742566056415 -20.800323552139975 
  63162.04248321754  -0.46913793413580684   -0.47567934661742073      z  0.7896684178988848  80.51016037598666 0.014007244481968946 23.017201718551014   358.38091991500045 -20.274760168677552 
  62751.30991773193   0.22399421658038138   -0.24617917534332692      y  0.8461470037174141  34.32348687120397 0.026603147033979802 22.091553491006138   358.55742566056415 -20.800323552139975 
  60594.05191517487  -0.29745662394947636    -0.4407927879104917      z  0.7609926644353187    80.153252395912 0.013789134339738043  23.01237786293276    358.8032724752176 -20.516354477636817 
 62049.258233946384  -0.21631103380016203   -0.41759627753390083      y  1.0713959451352613 20.601883343156373  0.05295748097940596 21.537342298353884   358.57971278383536 -20.459580410715795 
  63490.15278152556   0.09224790637734556    -0.2958005146122614      z    0.88742586333529  64.26117053039059  0.01705013537720892   22.7724465692863    358.3479972839193 -20.264569137909476 
 61338.177434356294   -0.4901575749738653   -0.48050322900161024      y  0.6972716931596583  31.81156115107139 0.024092206392834825  22.00903744569597    358.7423586411422  -20.26285349239772 
  60273.09239022416   -0.8109980513230695   -0.47431090218284555      z  0.6484141394312263  70.25458831777914  0.01360821505387264 22.869261722204897    358.5376078675185 -20.494486241176617 
 62104.118207765234   -0.8405430452111599   -0.46446728199386506      y  0.9397098413080254  25.18826839075437 0.038624411543541626 21.755570769736387   358.83022631252595 -20.285368956509597 
  61338.16401986057   -0.4899803369264737    -0.4804746634140287      y  0.6688989569358188 33.931168018738475  0.02210471561668883 22.079072013409938    358.7423586411422  -20.26285349239772 
   61338.1480619628  -0.48976945975066366    -0.4804406479547172      y  0.7699482961580504 29.705164199010504 0.027781823494291008 21.934654882500976    358.7423586411422  -20.26285349239772 
 61628.291891277666    0.6094302972456482  -0.013271303731139217      z  1.1086914053596917 57.600472057993684 0.021690639594205335  22.65364009577969   358.78850714479717 -20.311220161647505 
  61311.24928311885  -0.09712955066836225   -0.36848207440807645      y  1.3284577151493575 17.190376875815474  0.07792346913969203  21.34078848443966    358.5769629728453  -19.93610796980829 
  62404.23397770449  -0.05898826808821456     -0.354580122400063      y  0.8896308729074907 28.809088240696504  0.03245901649015393 21.901398773675616    358.5326990676293  -19.92370539004161 
 62487.035583134755   -0.9028154505643677    -0.3847645486852338      z   1.091094748117707   36.4717021209858  0.03154328841406993  22.15746506953803    358.2908454370987 -20.289053886087668 
  62104.13320431684   -0.8406295481910828     -0.464419890921956      y  0.9111251761208018 24.868108400162686 0.037978479556038315 21.741681868638093   358.83022631252595 -20.285368956509597 
  61311.23306407221  -0.09687599382697305   -0.36839054290503653      z  1.5444503866797228 25.495120071020718  0.06139810553502729 21.768717643280024    358.5769629728453  -19.93610796980829 
 62404.276970523635  -0.05966330947457135    -0.3548350085535259      y  0.9406928575471714 25.460311784334007 0.038276780381895394 21.767234283348262    358.5326990676293  -19.92370539004161 
   62404.2496503646  -0.05923435218827151   -0.35467306103293333      y  0.8611662644451086 29.270914653693207 0.031073597691519596 21.918665722716714    358.5326990676293  -19.92370539004161 
  61628.25484944587    0.6098722931054795  -0.012955201970548995      z  1.2532996878329647  48.76464667526582  0.02757790560914365 22.472837693855464   358.78850714479717 -20.311220161647505 
  62723.38996230303    0.6161122465029983 -0.0026603338260258475      z  1.0755638295506764  59.08563360972469  0.02076936414149272  22.68127973186727   359.03702141811897 -19.903824629055322 
  60506.44461484386    0.8548749347363939    0.20873684850096846      z   0.910748640267606 45.204714326749766  0.02249244014663512  22.39053431177078     358.977503150544 -20.137043382052802 
  62049.24285655965  -0.21607599680824485    -0.4175237194195388      y  0.9259340435692436  24.85308778479751  0.03857501441584939 21.741025873703652   358.57971278383536 -20.459580410715795 
  59865.18017249459  -0.33315343771460343    -0.4514275953786176      z 0.48183366655285603 121.58370128886519 0.010756635315507366 23.464763389603483    358.3925048082014 -20.801069368964974 
 62404.261527098286  -0.05942083184514512    -0.3547434729581856      y  0.8720725888284961  28.39249752963333 0.032301776933695944 21.885583980833072    358.5326990676293  -19.92370539004161 
  62051.23015873287  -0.24464744066724456   -0.42658508312359267      z  0.9555623016954186  54.40834819351119  0.02021018389997836  22.59173884209175    358.6791122158279 -20.444824644864642 
  61628.23083161903    0.6101587566367003  -0.012750238866605854      z  1.0167629390444468   58.8141555735119  0.01997161562341705 22.676279654162492   358.78850714479717 -20.311220161647505 
 61659.202402647796   0.18830555510674352   -0.26384173208796535      y  0.6069950470891833 49.347127333489674  0.01585252828011675  22.48572967906385    359.4856334689404 -20.389792889705895 
  62840.08392484019    -0.865527485947711     -0.451952705382483      z    1.06036259356174  44.06567568271929  0.02605837969188098 22.362826073610456   359.87808187622363 -20.773287862071992 
  61993.37875492287    0.6193026892477458  -0.015874827247231795      z  0.8315446959660127 58.447622038646685 0.017390013828766388 22.669492105256943    359.5048435846789 -20.716752100283923 
 63434.340341376585    0.8137625986223131    0.15611749075388415      z  0.7107189551806304  74.38112732915262 0.013831120572805302  22.93123187988822    359.5214689668299  -20.67330528140684 
  61194.41103142794    0.8972503399317204    0.46377379006388314      y  0.6445915235379688 42.177484223343754  0.01826376301401371  22.31527666827413    359.2489226701317 -20.442590576162328 
  60873.44508924458     0.847321947804921    0.19827647931448011      z  0.9181577863216303 40.873527233913464  0.02458868996481558 22.281180282492414    359.3590892276555  -19.95108973549598 
 61993.393705239854    0.6191268267521668  -0.016004061156785165      y  0.7950212247879843 32.537218679015155 0.026401337171814813  22.03352605457865    359.5048435846789 -20.716752100283923 
 63197.105321509734   -0.8212625873093747   -0.47622618994976645      z  0.5614016134372604  80.70168805985193 0.012181664397590391  23.01978153685148   359.48873410185155 -20.451892208642185 
  63197.12236478874    -0.821376065139193   -0.47617873806951827      y  0.5445012669134791 44.949466732984476 0.015707961775894033 22.384386348560213   359.48873410185155 -20.451892208642185 
   60247.0167653925   -0.5371129147479372    -0.4921657941285815      z  1.3844349900090767  37.23741764736982 0.038499976190860326 22.180023878554064     359.785152020682 -20.373100451047943 
  63488.17951240575   0.14951584017776295    -0.2816554007283769      y  1.4339754017165292  20.86785865001358  0.06944075111187216  21.55126970499609   359.87892269396104 -20.305901915103505 
  61396.06512289526   -0.8988626722991694    -0.3603224627696403      z   0.985584506830096   47.6515750859484 0.022973736041987484 22.447768140359216   359.35149096158926  -20.42137088296765 
  62762.27609653171   0.06412243369864878   -0.31808335363850987      z  0.9894314304676608  60.91074694748042 0.019075273864212334  22.71430980236023   359.15064133573804 -20.466665212464925 
  60990.11831363852   -0.6804669262831304    -0.4954599805818905      z  0.5889417713333913 115.77412197760266  0.01121951267543536  23.41160372921275    359.7314946973449 -19.933311091859313 
 62339.401234602505    0.8111872828997384    0.15490140959176832      z  1.3693616215529878  48.08763487619983 0.030181187007045404 22.457658532724345   359.87495439601435  -20.19995463839338 
  63434.35700079413    0.8136350529409969    0.15598039406458072      y  0.5991240923201033  48.70180868644536  0.01585359252844499 22.471437714986916    359.5214689668299  -20.67330528140684 
  60632.08635722694   -0.7551069543916474    -0.4890139121707597      z   0.621276539979652  98.05605305991736 0.011838244865448853 23.231261009395876    359.1853171877906  -20.32277774597799 
   59862.2051156091   -0.2675925319892263   -0.42919497113242283      y  0.8128921100860634 26.724260632472536  0.03201936978524141 21.819839235725496   359.70137625113983  -19.92593014405144 
  62750.18028385098   0.25600657636228014   -0.22587388871980088      z  1.3584257071071895  44.56801834776023  0.03207834397708438 22.375133299764354    359.4310735831114  -20.16748529838058 
 59862.245771030095   -0.2682038254463611    -0.4293704316324775      y   0.931451046775881 21.576989287747097   0.0443118329294842 21.587552104052172   359.70137625113983  -19.92593014405144 
  62431.18219678806   -0.4423390771236768   -0.48212533257971835      y  0.7045390360085527  32.75427918520617  0.02372072646590397 22.040745105332103   359.77145341058366 -20.488901860022818 
  63488.16251346627   0.14977981697017365   -0.28153404664099946      z  1.5057366414707605  41.30520491492927  0.03780063880165035   22.2925869417516   359.87892269396104 -20.305901915103505 
  61694.17130484302  -0.35072097694177445     -0.454532099995313      y  0.5482149747834609   45.6242863062814  0.01563268559282048  22.40056519894906   359.52382360626063 -20.061847592208952 
   63428.3477852696    0.8587302450892622     0.2137631985143486      y  0.7325423083078602 43.119200091657454 0.019713406929819516 22.339251728198875     359.992860632612 -19.907105138786097 
   59862.2305391191   -0.2679748141786293    -0.4293047184969109      y  0.7875569923992524 26.646814525516596  0.03120129918836924  21.81668823676175   359.70137625113983  -19.92593014405144 
  61659.18543253629   0.18856723647051712   -0.26371736475214713      z  0.7436923807085154  75.60280538845318 0.014027235581442912 22.948919767004227    359.4856334689404 -20.389792889705895 
  61285.31307322043   0.32072702625861343   -0.18958594682498528      y  1.0512769675695903 26.897586822812578 0.040343438276934575  21.82685828428232    359.5135502462232 -19.953206472513063 
 62431.197552798134  -0.44255047326272234    -0.4821647199876274      y  0.8129728445916765 27.382346415437112  0.03132852595856835   21.8462516402559   359.77145341058366 -20.488901860022818 
  60623.01478904153    -0.661585157977919    -0.5032732259328034      z  0.5784159935765659  96.25055482957463 0.011666785161771883 23.211083093279562   359.74771742378766 -20.801696891825692 
  60623.01437237487   -0.6615807025490607    -0.5032733221526731      z  0.5786345199663717  95.33769179682041 0.011697717268345903 23.200736571897767   359.74771742378766 -20.801696891825692 
 62348.396261932045    0.7288196573486895    0.07163878742377766      z  1.3649640878884794  38.26129878403548  0.03704984723046458 22.209474259449713   359.54703754212545 -20.744833920277248 
   61694.1868654823  -0.35094672849970443   -0.45458706564285833      y  0.6592566335390782 36.709278670161254 0.020555303286760626 22.164514616134547   359.52382360626063 -20.061847592208952 
 61285.296497569245    0.3209721246239687   -0.18945511517974015      z  0.9544556641130852  60.25403301553191 0.018732920487124653 22.702540291873568    359.5135502462232 -19.953206472513063 
  62840.10037942263     -0.86560361649893   -0.45188617735913833      y  1.2446520699459631   19.2938624882253  0.06528072871165193 21.466122936367668   359.87808187622363 -20.773287862071992 
  63428.33106299828    0.8588325688228857    0.21389305462505012      z  0.7562930769837702  89.25146418043664 0.013107408244602315  23.12911336289275     359.992860632612 -19.907105138786097 
  60535.34729664998     0.581360542001521   -0.03129533735644066      z   1.058243363246475  62.29024133168388  0.01971352569635262 22.738625022831723   359.21024848622324 -20.172418313103062 
  59862.22010677644   -0.2678179535700548     -0.429259694496806      y  0.7306878394668737  29.37816881865151  0.02680683245611174   21.9226367944855   359.70137625113983  -19.92593014405144 
  60535.36378593218    0.5811573568151611   -0.03143592480091756      y  0.9407255517404672 31.898317997896427 0.031140676656803017  22.01199444731301   359.21024848622324 -20.172418313103062 
  62378.34055904823    0.3343703879000824   -0.17108918223423983      z  1.1058079712061106 50.591233650674845 0.024036618266691415  22.51276316332618    358.1691228268086 -19.831820757391654 
  62458.09232346486    -0.750866514434818    -0.4931245126368264      z  1.0995170320581604 40.831399963358564 0.028725061857089736 22.280060665635236    359.8854317336241  -19.88298452234471 
  63461.23467169728    0.5185960685054279   -0.06315541443610867      y  0.8360566185855764  35.16461774642451 0.025792920296826786  22.11783974120728    358.5264427770586 -19.786652775554693 
  61010.02545302963   -0.8455315714663082   -0.45225444781052615      z  0.8125458195941674 47.471322433836235 0.019823639538590586  22.44365331480713   358.89088457044033 -18.986401382193446 
  60505.43162321148    0.8585035939115201     0.2188333878584713      z  1.9143085035247174  32.67014691647638 0.059442228177734584  22.03795270787621    358.5788068943914  -19.65399518688878 
  61285.21620470011     0.306789780604703   -0.17591807757786956      z  1.5734731315052561 36.344162279008735  0.04443359266627389 22.153661646568786    358.5821658480912  -19.06845341931709 
 61967.432788270016    0.8518885322401557    0.20818783917611725      z  0.9246615726617747  65.95474140974218 0.017220634090413845 22.800690043986084   358.77850946526024  -19.73094355959199 
   63461.2169650988    0.5188269623299384    -0.0630074539565143      z  1.1795332955970452  48.28161381186611 0.026397699362178936  22.46202943403821    358.5264427770586 -19.786652775554693 
 63196.040430455985   -0.8204218242971317   -0.47046148482597805      z  0.6498347042291535  74.66006753601553  0.01325737888654653 22.935295935271537    358.6252066380006 -19.535698739383527 
  62788.19875938037  -0.34934600631098656    -0.4413722955516214      z  1.1677650284193628  42.63754548283263 0.029156692801745758  22.32705547838872    358.3141561590885 -19.668775390707648 
  63196.04084712265   -0.8204246120795694   -0.47046048177655525      z  0.6807283356360443  70.99681017361726  0.01385397752977939 22.880672080847905    358.6252066380006 -19.535698739383527 
 62424.000597375445    -0.357830361814298   -0.43499631755609286      z  0.8782761654122071  58.97002985058605 0.017939325127633316 22.679153358203482   358.67503068505835 -18.894589728028546 
  62470.03268846976   -0.8459219982070026   -0.46008612601016746      z  0.9405048987325073  65.07469489472926  0.01757499568279568   22.7861053406081   358.82180225968096  -19.56236747151307 
 62470.031294300665   -0.8459141795970467    -0.4600903729080155      z  0.9397632083513149  63.97343015290843 0.017770569033561254 22.767574082951747   358.82180225968096  -19.56236747151307 
    62470.030877634   -0.8459118427981397    -0.4600916420984816      z  0.9394106204282834  63.65784116014227 0.017826231991545594 22.762204754728863   358.82180225968096  -19.56236747151307 
  61012.05077558928   -0.8585014373362791     -0.444388909270853      z    0.70554946716602  69.35016541620472 0.014265506206379576 22.855193742418585    358.3815251715646 -19.359430894049762 
  61012.06763036059   -0.8585800099494465   -0.44433111891248317      y  0.6554353817244062 40.387127861831864 0.019062386028293507 22.268182412496564    358.3815251715646 -19.359430894049762 
  60602.23820775894   -0.4158820428337715     -0.451495863096504      y  0.6567079216632222  36.49079996500629  0.02058823050742945 22.158033449748867    358.7764614472385  -19.22230664855161 
 60126.354469223224    0.9185556239377078     0.3158537198418873      y  0.6594954547389789  44.01874892390139  0.01801290616096664  22.36166922695866   358.33685852014827 -19.615101248254526 
  60890.30111278371     0.690899028293376    0.06115198568053485      z  0.8624783096232507  78.50273456525625 0.014856157849107939 22.989786952230613   358.43994891882875  -19.54354913996586 
  60126.37034934244    0.9185097572068319    0.31574959140162384      y  0.6545402575845891  45.55739295059126  0.01750490026155303  22.39897214754329   358.33685852014827 -19.615101248254526 
  60602.22195247795  -0.41565513345001287    -0.4514456728240952      z  0.6690997410978746  69.43730587871197 0.013887152792892836 22.856557144555584    358.7764614472385  -19.22230664855161 
   62759.2779146752   0.09703825012311944   -0.28683911752499414      z   1.544820524342064 30.453362077093338  0.05170368709554778 21.961663104400458   358.34141892967625 -19.789638913328726 
    62759.294195452   0.09678359731343612    -0.2869510115537668      y   1.460028842943452 17.159827180634018  0.08566976100965619  21.33885726337364   358.34141892967625 -19.789638913328726 
  61750.05253763925   -0.8849303254925994    -0.4215196291536846      z  0.9411562801460174  52.17593668245627 0.020624599397090677 22.546250625232027    359.3634672500314   -19.0487801266878 
  60873.41524530686    0.8491115555385217    0.20834655560966384      y  0.7369368802857186  39.95563801889088  0.02098038620822779  22.25652016403783   359.57122204910036 -19.003368035986945 
  63133.15454136786  -0.01699619235356963    -0.3396294864733168      z  0.8324443982974367  78.17225101543964 0.014608146977598789 22.985206533908467    359.5762884995978 -19.614244436956028 
  61010.10868543193   -0.8405612316104242    -0.4591564022437948      y   0.713769519665184  34.42086869241224 0.023021812465998118  22.09462955561763     359.803606146481 -19.770154848380535 
  62722.22596124084    0.6389145963254244   0.011834749837313769      z  0.8846878099281976   65.1084822417443 0.016871014688904257 22.786668917984954   359.75118291920364 -19.760747592198577 
 60873.419017457636    0.8490864100447838    0.20831769493544697      y  0.8658902481391156  33.52159753240243 0.027698936836113266  22.06588675801249   359.57122204910036 -19.003368035986945 
  61993.36630976679    0.6217033401191867 0.00021948370996425243      z  0.9992797831121335  48.09275992563678  0.02305932690516726 22.457774241372487    359.6727405318128 -19.626952419346807 
 61010.124400904024   -0.8406489527120382   -0.45910559142315227      y  0.7272383974982759  32.37206892786246 0.024590161512865912 22.028001130255262     359.803606146481 -19.770154848380535 
   61284.3430668732    0.3369687108355655   -0.17698021952869233      y  1.0370869427855718  24.60621804101345   0.0433174250570741  21.73018715932345    359.6310000359097 -19.666062335914066 
 60510.426010056144     0.835588485561496    0.18950431970411874      z  1.3425562717112527  47.56502583046492 0.029944787283182082  22.44579433148242    359.9905398307955 -19.387703615994123 
  63197.03837582036   -0.8232514628642751   -0.46905591719398293      z  0.5677475735303182  85.14456861152019  0.01201926729463168   23.0779673627932    359.1423950351469 -19.236596289540255 
  63088.29813022188    0.6256311870529984     0.0113188123837951      z  0.5841550261129211 115.70296700898817 0.011202225131088499 23.410936228784568    359.4651131248141  -19.25720334387382 
  61010.09918813042   -0.8405081878231137   -0.45918709164862354      y  0.9227992933493814 26.746906077106303  0.03592116451511541 21.820758870814636     359.803606146481 -19.770154848380535 
  63144.22006051643   -0.1847749333311884    -0.4041406609069746      y   0.637593664593133  46.50770630215972 0.016969036162442757   22.4213872922024   359.86888775603705 -19.748658691802607 
  62750.20317398802   0.26146341902334674    -0.2102989511912917      z  0.8483399881339011  73.96368402563702 0.015216886066479954  22.92512132569685   359.77170522657536 -19.248393734194643 
  63441.39709739925      0.75650185417187    0.11434869886946418      y  0.8263334115336515 34.955463678680026 0.025667703489662227 22.111362657536546    359.7437032979219   -19.2849688223962 
 63441.380761181405    0.7566514410110748    0.11448292030801482      z  0.6512135468628772  90.91040950896088  0.01230089755199549 23.149109024317983    359.7437032979219   -19.2849688223962 
 60247.175841602024   -0.5404241159776146    -0.4858180215643828      y  0.8516934571789851  29.83573108722179 0.030246970751537667 21.939416699542047    359.6885110969181  -19.82902211851004 
  63144.20489227542   -0.1845410505927009    -0.4040647575710139      y  0.6782822247659688   44.1917637616387 0.018318839559850565 22.365928327341592   359.86888775603705 -19.748658691802607 
  61284.32660481337    0.3372104251819023   -0.17684954449704088      z  1.1190605498637587 44.134756739454126 0.027256253643753243  22.36452683215862    359.6310000359097 -19.666062335914066 
  63079.41937100145    0.7247767478117483    0.08360441339619386      z  0.7844805337932503  81.61772273971671 0.013870245473832463 23.032036171961852    359.7723740411273 -19.519869383580364 
  61186.43052110827     0.851085105228444    0.48656168155234836      z  0.9200494434027902  62.36079237994904 0.017823306484738535 22.739854051316826    359.4631376611633  -19.65550670912767 
  60873.43236999485    0.8489973733628625     0.2082155282028385      y   0.955244770172762 27.971867094054595  0.03558420929796485  21.86937862930956   359.57122204910036 -19.003368035986945 
 62750.220099922786    0.2612079397015445   -0.21042838150881332      y  0.9223488488755309  33.00871087541418 0.029678077644278114 22.049146398393308   359.77170522657536 -19.248393734194643 
 61010.084225388884   -0.8404245714210317   -0.45923541597560497      y  0.8720835065421694 29.290527232421706 0.031408046038998584 21.919392961900193     359.803606146481 -19.770154848380535 
  60549.35247043244      0.40617834072111   -0.14094083486553802      z  0.6498703612547791   98.7430522931871 0.011971432835240315 23.238841358592758    359.9529395282891  -19.80183658424933 
  60247.15932468196   -0.5402155863699704     -0.485791753004502      z  0.6763247051645552  70.99406028254764 0.013811377406323898 22.880630026647037    359.6885110969181  -19.82902211851004 
  60518.40761819855    0.7654210496641138    0.11941182061965888      z   1.086940206030654  52.87132937221915 0.022861326349325355 22.560625564764226   359.36116875527415 -19.644240461784463 
 60518.420907290725    0.7653008583669436    0.11930222203589326      z  1.0687541380412937 52.923285507442415  0.02253472651509343  22.56169198315746   359.36116875527415 -19.644240461784463 
  63161.15058526095   -0.4492808544865957   -0.45335896230393086      z  0.7218468018915207  93.02490510752347  0.01265753472371345 23.174073078360962    358.8863731171642 -18.638518362074144 
  59921.10246034617   -0.8810123379657313    -0.4284329549940695      y  0.8680622312348245 27.098615311522003 0.033558041328282176 21.834942738677228   358.88907642874824  -18.69042559143648 
  61957.35725297281     0.905145891322297    0.28996624190522113      y  1.1719034899471283 23.170461208663568  0.05155658320469658  21.66491168545881    358.8931739194364 -18.658084323657725 
  59921.08762636218   -0.8809602593979485    -0.4284904928610447      y  0.9515860306708726 25.651738490373518  0.03842056286024563  21.77536699866557   358.88907642874824  -18.69042559143648 
  63161.16708023513   -0.4495069133010765   -0.45340669361571667      y  0.6731484566374961  45.89871177082183 0.017750781554815808 22.407076230308405    358.8863731171642 -18.638518362074144 
  61957.37327607112    0.9050825859256136    0.28985862502840853      y  0.9289915984331096 30.003272287231578  0.03253779255006137 21.945496547524726    358.8931739194364 -18.658084323657725 
 60184.329874209216   0.38860700039035784    -0.1271486813424915      y  0.5849362058016531 48.354750456262664 0.015694960973688884  22.46367285509359    359.1919109565882 -18.694125013093196 
   60929.2809890179   0.18786781215842382   -0.23950425012286444      y  0.6805210912592057 40.874603613903815  0.01942135553598643 22.281208874332094   359.89308885194373 -18.819949184207616 
  60622.09575456302   -0.6487615963436191    -0.4857417711662257      z  0.6055027067680201 111.40797768318627 0.011381531485699797 23.369865716248274    359.9822058242126 -18.843633080520423 
  60622.11249237107   -0.6489445376258557    -0.4857482675603329      y  0.5874623357781857  53.36051694360588 0.014872957007223575   22.5706250598283    359.9822058242126 -18.843633080520423 
  63051.33321958856    0.9100916566795056     0.3040510522160918      y   2.197615433181595  11.28813491300096   0.1949403189314654 20.884130467554233    359.2894467391908 -18.512384150984918 
 62048.211360649126  -0.18396563559121518    -0.3812249625123134      y  0.7501280733130374 29.277205824473565 0.027503909091717724 21.918899053927248    359.5255317669665 -18.388568555367822 
 60248.194741144696   -0.5507153282379722    -0.4716357707349419      z  0.7400763103800222  67.96518657250851 0.014784160729342249 22.833291272726033   359.86482592267805 -18.409524966001083 
  62048.19613052804  -0.18373090764312167     -0.381146608906993      y  0.7344523094174447  30.33845251658804 0.026192702552533094  21.95755855119589    359.5255317669665 -18.388568555367822 
 62786.093218149304   -0.3043259610683262   -0.41685723231903266      y   0.741237175872889 31.980906791378434 0.025242743195730038  22.01480192324746   359.17301665730923 -18.453120777665585 
  62106.10563262051    -0.846364514618041    -0.4558087603048521      z  1.0552371309540212  41.06707014327534  0.02757274932605801  22.28630928914796    359.6745493550385 -18.476851385220247 
  63051.34862311787    0.9100396816307867    0.30395045474544813      y  1.0546936262767697  24.76466011981646  0.04374692837112546  21.73715591897682    359.2894467391908 -18.512384150984918 
   60929.2647202799    0.1881186553822252   -0.23938536490930254      z  0.7825139148061806  66.92880443098812 0.015384950165771759 22.816607657015254   359.89308885194373 -18.819949184207616 
 62786.166422316295  -0.30541234026523373    -0.4171664539197282      y  0.7481189351283432 31.716895409262733  0.02561962519933768 22.005801664287997   359.17301665730923 -18.453120777665585 
   62786.0775471834   -0.3040933353426964    -0.4167909507845113      y  0.9762691508222838 23.344551203591696  0.04299898219519671  21.67303881186951   359.17301665730923 -18.453120777665585 
  62786.18180768084  -0.30564060393708736   -0.41723135915451953      y   0.726884668560628  32.37854630876734 0.024576075918536253 22.028218355279556   359.17301665730923 -18.453120777665585 
 60184.314745467826    0.3888230752621831     -0.127027357715147      y  0.5614695494628417   51.3963415787878 0.014810149931046372 22.529905506069806    359.1919109565882 -18.694125013093196 
 60517.421456989425    0.7859034814882593    0.11059626526288309      z  0.7217379398269749  71.77614617248354 0.014181364231417297 22.892525330026643   0.5656988909660371 -21.663533575242298 
  63430.36766370851    0.8472907935718158    0.18254158809313706      z  0.7853875897558689  87.36810475281801 0.013446541059636148  23.10595727618113   0.1844103862597627 -21.678324551615482 
  62042.12036119934  -0.07329688308444121     -0.400561669079949      z  1.1477299278791553 47.707796443453915 0.026053078856523006 22.449048383075123  0.45503377673878026 -21.617692062620655 
 60574.279722515945    0.0450091856380589    -0.3489003367528519      z  0.8015383106621472  64.49808937752358 0.015951120633518005  22.77644211353539   0.9427149890557013 -21.205739112345498 
 60894.290387608824    0.6741480627571301   0.015758916472972378      y  0.7984954460951467  34.65072465854367   0.0251203394067942 22.101855793016956   0.6190065161631615 -21.071140868415068 
  63113.30760180402    0.3078946867504384   -0.21894090301708996      y  0.7784901448188056  32.96102591699824   0.0256482701801511 22.047576790954842   0.6392845978012104 -20.910386194140877 
  61600.31050444353    0.8779701404416941     0.2227964561248302      z  1.2163391053419488  47.47241697731974  0.02750432308003368 22.443678348274215   0.7372726912987065  -21.01362698262338 
  61744.05863027386   -0.8568746376283733    -0.4556223301142013      z   0.983075117286603 63.056262486987656 0.018521931277527236  22.75189555261349   0.4633613422787804 -20.953173717685633 
  61286.30840561076   0.32504838623182447   -0.21591664708440708      z  1.4280269062557875 41.913602788542825 0.035507948672071014 22.308462472426505   0.6706262699145834 -21.217362557998236 
  61015.05885118714    -0.860415364868084   -0.44927405625017625      z  0.9871963464173759  55.01480453935148 0.020542495270482478 22.603773924921626   0.7703824781600993 -21.066195528647278 
  62375.38430230393   0.41415543133656274   -0.16691575487857657      y  0.8713042300803816  25.46001385873423  0.03565356314139272 21.767221578456613   0.4865136657687164 -21.384292958828443 
 62042.152855815926  -0.08099188702675868    -0.3941631211900979      y  0.8789495977305831  33.14337556809423  0.02834237181928083 22.053566834457293  0.04089510525122042 -21.220098243576338 
  60126.36989310709    0.9254903797496408    0.32193619101238086      y  0.6571000863837073  45.28098627111818 0.017623475018039222 22.392364683431133   0.8646947418990178 -21.171244310885687 
 59921.101565521334   -0.8731757638572839   -0.44253718317748647      y  0.8809869114624119 27.561630310692223 0.033491990683905334 21.853337247030886    0.850424510951881  -21.31563593837068 
  61286.35738414001    0.3243249826199806     -0.216308610103293      z   1.212425348648733  46.25903464567987   0.0280523967099711   22.4155664028519   0.6706262699145834 -21.217362557998236 
  60184.32897361378   0.40901958680289224   -0.16340465075289778      y  0.5332886834300811  53.93328677750726  0.01406311499480615 22.582217208332004   0.4912169964326115 -21.165229056439955 
 62042.135270798615  -0.08071614192310952    -0.3940640001577258      z  0.8981259663088111  62.24121564501536 0.017556139922485916 22.737770155041346  0.04089510525122042 -21.220098243576338 
 63113.290792968925    0.3081439883337822   -0.21880766344859878      z  0.8328290826603509  55.01556629328587 0.018142792981133377 22.603788958295038   0.6392845978012104 -20.910386194140877 
  62375.36932558015    0.4143663294832209    -0.1667905464846708      y  0.8234129916856685 28.058042569861644  0.03100375872881514  21.87271841366342   0.4865136657687164 -21.384292958828443 
  63118.33478654734   0.23258096970611405   -0.25695597287920247      y  0.9866211990176762 28.146340566656445  0.03645177015527992 21.876129834817732   0.6567119253806107 -20.851528630068696 
  59921.08673060341   -0.8731151070168016    -0.4426053039346633      y  0.9314967590082379  26.94786803334065  0.03598404276045367  21.82888601890554    0.850424510951881  -21.31563593837068 
  60126.35401895225    0.9255245753570307     0.3220474926194792      y  0.6634613377144456  43.57819302871971  0.01821507590587313 22.350748034779638   0.8646947418990178 -21.171244310885687 
 61220.356295977894    0.9325086037776177     0.3335264498269698      z  0.6507608195798168   75.9639056836217  0.01316770806989954 22.954093203876074   0.8150647355569313  -21.01878322198754 
 60153.413171080836     0.773179889853236    0.10603353865594523      z  1.0337640478215981  63.08741345949632  0.01919656500631068 22.752431794150766   0.6134432384541878 -21.103410741766133 
   63118.3185140521   0.23282880666847758    -0.2568325587751231      z  0.8271079759489463  75.82165809417168 0.014798564352775372 22.952058182899428   0.6567119253806107 -20.851528630068696 
 60184.313837095586   0.40923337491730616   -0.16327866600680457      y  0.5563438538857729  52.23673772701314 0.014609302322672326 22.547515105874773   0.4912169964326115 -21.165229056439955 
   63378.4261274712      0.83786321692007      0.497912056520058      z  0.9674632515241527 49.443683130346486 0.021974222694033162 22.487852025409953   0.9395743862630359  -21.16876794118645 
  60574.29640305758   0.04474698556849583    -0.3490084794151302      y  0.7384783580192675  35.82483312599253 0.022911133084157344  22.13803542942731   0.9427149890557013 -21.205739112345498 
 61600.327980007525    0.8778741353605669    0.22265737692778959      y  0.9464411242591676 31.213165862006424 0.031928278350840285 21.988419539521665   0.7372726912987065  -21.01362698262338 
  61750.05298472654   -0.8800514372002606    -0.4312928569530755      z  0.9309038208939628  53.63424318986315   0.0200311954355618 22.576180381299416   0.8008431350772425 -21.498235867519778 
  62288.43172424163    0.8801639226173453    0.47398228453159813      z  0.9913966054937741 49.278195449767594  0.02246660888192999  22.48421197849986  0.03473770015008284 -21.354250730236405 
  60894.27523013845    0.6743136458101451    0.01589202830136274      y   0.668780089038079 41.531233326253165 0.018955438673073272 22.298512059821295   0.6190065161631615 -21.071140868415068 
 61220.373261569795    0.9324794742667778    0.33341088713306194      y  0.6688200976284502  41.11737715627301   0.0190941505715832 22.287638498115875   0.8150647355569313  -21.01878322198754 
  63434.31399476445    0.8182011850840021     0.1498976405386855      z   0.766256291085754  67.42313849721137 0.015138052602366808 22.824597401015684 0.020079076592775073 -21.547842797772716 
  62103.12415747167   -0.8178632371081602    -0.4827524461633086      z  0.8650483380986419  51.44002906699994 0.019565257663956476  22.53082800246291   1.2387897615657475 -20.994278016694718 
  63051.34997103962    0.9170723113061003     0.2999603971861858      y  1.0541629288598475  24.87703579415453 0.043538898024641406 21.742071566773745    1.264877310393125 -21.042137146256604 
 62486.047107768536   -0.8967279071770327   -0.40588098464194733      z  0.7410142823915722  68.27612245556752 0.014757774525996484  22.83824711077752   1.2890993356231686 -21.258095065823056 
 63051.334566112724    0.9171155670471417     0.3000718470879184      y  2.1983369257765024 11.331137873136537  0.19426603770454068 20.888258798948872    1.264877310393125 -21.042137146256604 
 60183.199412936665    0.4351323368296752   -0.14998175069594036      z  0.6522552680510844   89.5601835295082 0.012370942193788124  23.13286242635405   1.1506023237043046 -21.022114023392575 
  61221.38595179031    0.9297246865093942    0.32848752039656076      z  0.6615881241019523   72.8959147556643 0.013504443398205676 22.909332964660436    0.450186448429402  -20.15716054506799 
 61221.403400426396    0.9296882169261886    0.32837113300965226      y  0.6330948855886517  43.61344652444541 0.017627128272414652 22.351626008836224    0.450186448429402  -20.15716054506799 
  60540.22692556124    0.5369225496115612   -0.06672933328075299      y  0.6969717171863978  36.40802965458986  0.02159786830119961  22.15556792974574   0.4238071930868329 -20.025335857521117 
  62840.07654991438   -0.8608171656996667    -0.4558713951500921      z  0.9204213272357779   51.8669416164597 0.020369439632032266 22.539801589563485   0.7735674272777368 -20.443029419999466 
 63430.422237643754    0.8516373884584095    0.19523692412705923      y  0.7747008095657376  39.99355401035566 0.021799581744834953 22.257549987272164   0.8281663486385362  -20.61833414762297 
 61984.323175125646    0.7340651645399503    0.07106660660781443      z  0.8699480202639949    70.069035957092 0.015941980197929674  22.86639034492488   0.9190443933641124  -20.51074312028356 
 59858.252844425326  -0.18765283002975056   -0.41471119571595944      y  0.8152170786792555  29.77032872778315 0.029152331478183583 21.937034064681203    0.883690787043911 -20.066378656471336 
  63380.41465362942    0.8516611127815794     0.4886473844382336      z  0.7426684451242074  69.44551525530979 0.014641284509403302 22.856685500493754   0.8577063329547998  -20.48137517884736 
  61984.33996266875    0.7339017809611995     0.0709216872760093      y  0.7719694309722155 39.920592093675275 0.021770248785882008  22.25556742422465   0.9190443933641124  -20.51074312028356 
  60540.21180525412    0.5371172012383537   -0.06660048399251658      y  1.2083410318636432 19.872609016714758 0.061621171042686614 21.498212209423126   0.4238071930868329 -20.025335857521117 
  60245.17716569305   -0.4969614836526433    -0.4976897551861017      y  0.7413901886403916 30.074126395758537 0.026603115135628994  21.94805754078468   0.9511032899415042  -20.78586390512844 
  60958.13355587867  -0.24869539137284022    -0.4372268950271061      z  1.1428554408972655  50.71786540352301  0.02465284061779539  22.51547740620518   0.6436755256736943  -20.36197186701707 
  60902.34308411735    0.5829660842286821   -0.04223644544527928      z  0.9121420559686807   66.7973492639033  0.01692539336125072 22.814473060659402   0.8094875930930259  -20.24708242398855 
   60875.4052561615    0.8450883880899118     0.1884308079617027      z  0.5791259824055736 118.30417957745938 0.011133878987646268 23.435075209465257   0.8094400454262849   -20.1093833431912 
  60245.19222085177  -0.49715957357108165    -0.4977167217721406      y  0.8679180224244781 24.669644294270057  0.03657521434040301 21.732982208025213   0.9511032899415042  -20.78586390512844 
  59858.23755500986  -0.18741739631351192    -0.4146361837085819      y  0.6663726774872615 38.168202690325884  0.02011992088440258 22.206829263800092    0.883690787043911 -20.066378656471336 
  61010.04615348847   -0.8333917763444304   -0.46550875632645367      z  0.7096088870240588  68.87718422417309 0.014357646526659747 22.847763450078688    0.896754896479269 -19.975824952177188 
  60245.17310644601   -0.4969080678526092   -0.49768247847882374      y  0.9535645555354303 23.143045343897555 0.042399211236857054  21.66362625480785   0.9511032899415042  -20.78586390512844 
  60540.35156651087    0.5353166691468413    -0.0677912946848945      y  0.9304192946995015  26.68000643039102  0.03627872039534119  21.81803981395442   0.4238071930868329 -20.025335857521117 
  60249.18152744155   -0.5551722091205216   -0.49722397573648547      y  0.6167122975887234 45.468242699019385  0.01685143293838287  22.39684541289205    0.451188111277927 -20.362374242016234 
  61010.06277722667   -0.8334899925968883    -0.4654547976027238      y  0.7210276346697965  36.87749178718894 0.021960864139525332  22.16947842656548    0.896754896479269 -19.975824952177188 
 60249.164989673365   -0.5549665422310719   -0.49720350678526826      z  0.8024294285842961  70.77890891828487 0.015117223037258189 22.877334648038147    0.451188111277927 -20.362374242016234 
  62342.28028476044     0.795253852295966    0.13386356864226912      y  1.1020509595089751 21.708209638077413  0.05174207988142328  21.59413500652858   0.6548033649040662  -20.28960179441547 
  62342.29548177809    0.7951290230897275     0.1337365498948175      y  1.0361608419228456 23.635520481038927  0.04496520891331012 21.686487915166452   0.6548033649040662  -20.28960179441547 
  63021.43076821435    0.8884931794107621     0.4638247611233853      y  1.3047286863806578  20.31401335623211  0.06500182674158572 21.522064323309294   0.4549108382804749 -20.152460171936244 
   60602.2055575368   -0.3914095903163122    -0.4730355821415065      z  0.5923938109319585  82.26828485517771 0.012322778942717676 23.040656097026854  0.33716790705948707  -20.54895050051126 
 61192.436989908245    0.8806214542445703    0.47736656710059766      z  0.7959419111270014 52.534581829174094 0.018153437674685358   22.5536881883099  0.45988834070273427 -20.453830528126684 
  60245.15817431068   -0.4967115540350041    -0.4976556894576364      y  0.7524366647706617 30.381092084709667 0.026709267684489637  21.95908344176544   0.9511032899415042  -20.78586390512844 
  60958.21975490658  -0.24999862329156314    -0.4375998471050815      z  0.5345020878492899 106.50573549217215  0.01118863843742656 23.321007478679732   0.6436755256736943  -20.36197186701707 
  63470.37821523628    0.4177468964966646     -0.145189501647969      z  0.6336532623646701  88.44252856168097  0.01230167291577029  23.11922786544313   0.0551154994952158 -20.434724086234283 
  60164.39562579213    0.6679715622880731    0.02293191976514531      z  1.0929702515977437  55.49916799225426 0.022086921190129234  22.61329117043145   0.9367924408684191 -20.243744924823822 
 60566.187090563406    0.1606174812425962   -0.28011253122018287      z   0.699318105771715  88.02834723972603 0.012771488206260945 23.114131358948747  0.31098621104085783 -20.371065495060467 
 60540.336337411485    0.5355130070588604   -0.06766155747507514      y  0.7119607653863909 36.128680894366674  0.02209833097325461 22.147205252147558   0.4238071930868329 -20.025335857521117 
 62470.140262911766   -0.8342052581594288   -0.47343239458578934      z  0.8461554704382411  68.63399360028538 0.015874267611952854  22.84392316386391   0.7468714853878322  -20.62470182070308 
   61958.3300411363    0.9139206074833042     0.2876937570904173      y   0.938781779421527  27.08062366973593  0.03607969024278625 21.834221644104638    1.812173365646903 -20.357226896450268 
 60273.096063533434   -0.7857581493388938    -0.4872135633824258      z  0.6852426957630976  65.73188714468697 0.014445648010058152  22.79701524150088   1.7336485947173317 -20.030033019336173 
  62049.24194581377   -0.1614223749024743   -0.41799069912938763      y  0.9112034435198432  25.48733774073929   0.0371234400464729  21.76838617405817   1.7792337364979303 -20.248608467596387 
  63162.04338905966   -0.4243820139887789    -0.4908736982763337      z  0.8100115230997965  78.42666653880207 0.014376129229701742 22.988734379338176   1.3489215977145175 -20.819561893063696 
  62338.31072316897    0.8322020586178533    0.17244321597068754      z   0.644927262718466  97.56732631251934 0.011987204863010031  23.22583599905645   1.4003555904488767  -20.08376933194901 
 61575.403253061835    0.9346334664622917    0.40130214962947863      y  1.0607150388418027  25.01442712904767  0.04356730775968385 21.748051392373192   1.5103456332608773 -20.638118863171425 
  62049.25733361059  -0.16166089192431712   -0.41806820464283373      y   1.050453221728086 21.290144552355294    0.050343062718652   21.5730215145356   1.7792337364979303 -20.248608467596387 
  62338.32801697079    0.8320789721512296     0.1723017780243803      y   1.260870141462828  23.85183777146048  0.05380013382280099 21.696379606222465   1.4003555904488767  -20.08376933194901 
 62368.228808908374    0.5304489862681518   -0.08622884009676246      z  0.7416719144634373  76.75310677153209 0.013905942681505596  22.96531489827651   1.7644630821642167 -20.343084478247235 
 61285.216677343335   0.35336892311648166   -0.18630420307323803      z  1.5775603370744447  35.95648973359175  0.04499934250607675 22.142018206563826   1.4163742074141246  -20.02853198477051 
  63441.41458607826    0.7705645101182858    0.10477125253156709      y  0.6624855062122866 43.732167335487404 0.018151670103685888 22.354577492178972   1.1515368097977674 -20.648766624760242 
  62404.25156075767 -0.005529973861994217   -0.35662166194122674      y  0.8538379070350577 29.596573813595256  0.03053321434894711 21.930678586066392   1.6055916561403374  -19.99964659659218 
  61248.27099277057    0.7916064240575348     0.1282198240256344      z   1.011404138225003 49.227093251251816  0.02285005457697273 22.483085470212227   1.3543291038032903  -20.02136196243179 
 62424.008421983104   -0.3136634401531837    -0.4622786240893352      z  0.9276636524508246  58.37155110488281 0.018776798646051397 22.668078074043247   1.4187303058265452 -20.412030609695922 
  59865.22779960108   -0.2804618934642362   -0.45389456958234614      z  0.6654535359367343  81.18781001309657 0.012929893193168883 23.026302056060143    1.679741176598814 -20.524751043393863 
 60600.218225425226   -0.3463905869419631    -0.4646772337235899      y  0.7937259913536073 26.011838953648876   0.0321108381445759 21.790502630433046   1.3838316214887039  -20.23264826290086 
  63463.25189760508    0.5314902102121198   -0.08699599519193156      y  0.6177657426697005  44.93809758424065 0.016999442884439935 22.384111696631038   1.2241774973141537 -20.790647512880756 
  61724.11797521924   -0.7035912546512778    -0.5078738620085346      y  0.7896145490523943  33.85675680848579  0.02537569103237668  22.07668837420968   1.0028869627765993 -20.802111434656464 
  61599.43491891299    0.8853910429868076    0.23991056441761446      z  0.8938828624365786   70.6592103682982 0.016125700035242142  22.87549693864184   1.1921099018714654  -20.04487957723941 
  61958.34532087434    0.9138692054532558    0.28758220770368736      y  1.1192582979433139 23.039872205029916  0.04959775769431163 21.658775153815206    1.812173365646903 -20.357226896450268 
 62368.241604956536    0.5232490723366819   -0.09061157199048979      z  1.6408147945580274  33.66755175518749   0.0497511548367318  22.07060383018433   1.2834235127323297  -20.52595694702645 
   61575.3885718942     0.934616287512648    0.40138513682963384      y  1.1637712051084228  22.25128148504943  0.05324872945694423  21.62096255844775   1.5103456332608773 -20.638118863171425 
 61724.101332778795   -0.7034268561680639    -0.5078900673524224      z  0.7604080508679446  65.79497045072681   0.0152829879748517  22.79805672969253   1.0028869627765993 -20.802111434656464 
  63463.23649903369    0.5316888089830886     -0.086862920366174      y  0.6615402558039363   41.1447960969387  0.01893444482318876 22.288362275193528   1.2241774973141537 -20.790647512880756 
  61248.28740780956    0.7914680311567567    0.12808182402532609      y  1.0481331617127019 25.750420989473255   0.0419139327736865  21.77953582327391   1.3543291038032903  -20.02136196243179 
  61599.42798617237     0.885426732169715     0.2399638080342955      z  0.9304327339958134  71.32413176347303 0.016437015432966783 22.885666223276544   1.1921099018714654  -20.04487957723941 
  60510.33113057799    0.8498706454095877    0.19012475896852252      y  1.2851082177603856  21.70836908738584  0.06003741728188856 21.594142981357187   1.7649567436444684 -20.333391810978235 
  62404.23596192081 -0.005284296688205894   -0.35652478099303747      y  0.8650655663458013  29.68387573668799 0.030810576500153213 21.933876501328214   1.6055916561403374  -19.99964659659218 
  60600.20294212101   -0.3461684818616685   -0.46462498171179134      y  0.7661708239967778  27.77569109979987 0.029340914989381434 21.861737173232317   1.3838316214887039  -20.23264826290086 
  60600.19199227444  -0.34600933793891125    -0.4645875253073869      y  0.7674832174624693 28.133221488672383 0.029055390698268783 21.875623652549137   1.3838316214887039  -20.23264826290086 
  60510.31556761167    0.8499733511115282    0.19025183121349026      y  1.4668316178684953 18.630751554778374  0.07936427399020116 21.428150925314903   1.7649567436444684 -20.333391810978235 
 62368.258170446315    0.5230335108122265   -0.09075410153808022      y   1.385072692764512  20.72457889214772  0.06757636772126695 21.543789276096966   1.2834235127323297  -20.52595694702645 
  60600.17678256219   -0.3457882608849552    -0.4645354694285778      y  0.5983337294007172  37.47783452028118 0.018838293746815997 22.187011212371267   1.3838316214887039  -20.23264826290086 
  59918.02821617548   -0.8627295433013952   -0.44900451299000194      z  0.7395014910698579  55.89080285770872  0.01658506036957103  22.62092585964668  0.17888389553282752 -19.898267683413764 
   61573.4240558668    0.9340036209005068     0.4058092945964838      y  0.8127512672998556 35.995812995232384 0.024694402327076943  22.14320495643795  0.04182535419716701  -19.07227025866103 
  60896.27076500215    0.6509848797574782   0.019122611533461897      y  0.8603476208666351  26.42726979312062   0.0340565320056194 21.807705735143955   0.5243114418030049 -19.521356406912826 
  61984.30547741723    0.7304486732065277    0.08058274391233493      z  0.8599784648941918  69.05506330634257 0.015971540543619708 22.850563808517023    0.574866559487984 -19.630584671866572 
 62312.407834812744    0.9328545272328449    0.36019103616100046      y  1.2785822039421704 21.484393015429823  0.06034645641460787 21.582882710044853   0.9241239503463663  -19.72868763991472 
 62434.155669115804  -0.47516344525232423    -0.4776249292396327      z  0.8018302853885173   66.4190331055552 0.015676107670218802 22.808306361836404  0.27422535310815505 -19.464452595416343 
 62079.139473717376   -0.5953241011173693   -0.49307228472709236      z  1.1134933345489555   44.0621208181868 0.027177616595004395 22.362738481606996   0.8587139569596159  -19.21204244282973 
  62377.33110768266   0.38779839664507043    -0.1580671193199693      y  0.9379134749853507 29.322549699715424  0.03351282489790351  21.92057931680205   0.5608520527262439   -19.8367564204643 
  60238.04820587306  -0.41399395728362715   -0.46456639773249203      z    0.61363338690253 108.17254586191162 0.011496949093948286  23.33786761674257 0.008567058119478983 -19.717196960615325 
 61573.415398518824    0.9339927475727263    0.40585259554828484      y  0.8872753908187242  32.57531110638329 0.029015346983820627 22.034796419357146  0.04182535419716701  -19.07227025866103 
 61639.325619970936   0.49396447779933395   -0.08472139305829043      y  1.1816251957022317  23.13090691081136  0.05205383102100381 21.663056641194537   0.4951463098379448  -19.20798752501796 
 62312.393706488096     0.932864559159038     0.3602771521409591      y  1.0430125864328081 26.160676465955174  0.04110444616167313  21.79669741375241   0.9241239503463663  -19.72868763991472 
  60896.28619372837    0.6508103476361391   0.018991018785188822      y  0.8457610402294582 27.228570799510095  0.03263155805166282  21.84013710479633   0.5243114418030049 -19.521356406912826 
  62434.17194789848    -0.475382189232916   -0.47766344472795547      y  0.9620280974035349 28.449150787808666 0.035263322602401136  21.88774825705331  0.27422535310815505 -19.464452595416343 
 61639.340640337636   0.49376380250416707   -0.08484695418339341      y  1.0134412638573098 26.776841211170975 0.039146477868880626 21.821973347150237   0.4951463098379448  -19.20798752501796 
  62084.15095090055   -0.6583749165093985   -0.49726064136412185      z  0.8951998976609513  71.37888423960048  0.01604025535550549  22.88649937663537   0.3720001609520432  -19.53721649639155 
 60932.282353143135   0.15469798555659556    -0.2783426033682437      z  0.6704660617384197  96.88459476186299 0.012161000107311772 23.218211806869554    0.668752352437784 -19.891439875631843 
  62350.41057602879    0.7178923616666599    0.07293373766864103      z  1.2497231718958408  47.94317270560714 0.027919096902130517 22.454391915873014   0.3517637925571823 -19.543506537620228 
  61685.20464205687   -0.1977727483604486    -0.4159142091024002      z  0.9685238345198225  66.98784145750776 0.017579523441593484   22.8175649486326    0.650430315206842  -19.86389450637983 
  61273.26216124575    0.5001670610985884   -0.08271092270949518      y  1.0931350879956125  28.01446345910351  0.04028138867439364 21.871030762042377  0.11640676764278043 -19.515766540563863 
 61273.245102008324    0.5003940896510519    -0.0825678635207421      z  0.9376473048136098  68.72892851413116  0.01691516853431233  22.84542392240752  0.11640676764278043 -19.515766540563863 
 61685.221105773715   -0.1980256908443848    -0.4159936002684179      y  0.8403027288276204 35.800966399731706 0.025512972502272444 22.137311864177885    0.650430315206842  -19.86389450637983 
  62377.31534897519   0.38802368123527403    -0.1579385586967985      y  0.8186153047176031  34.54915954295743 0.025718008253213628 22.098668706691974   0.5608520527262439   -19.8367564204643 
  62672.42288219456    0.9318755646539153     0.3888355003087442      y  0.6533543982870472  43.01546145946443 0.018185171506149272 22.336636454829602   0.6324388588633816 -19.739812631441513 
 61551.408950849705     0.837867792379782     0.4895037179829232      y  0.9229120691942245  27.36985544913213  0.03517157572633562 21.845756248504586    0.830129181402326 -19.010669119716677 
 60275.097417784535   -0.8130659430479136   -0.47341870572122596      z  0.6165461676890794  76.64006937879988 0.012834218185384529  22.96371471220466  0.10450783631706075 -19.795151860455842 
  63015.43850187547    0.8554009714849351    0.47938861287604184      z  1.0926204551898113  39.68105132616558  0.02929470910790912 22.249032914189893   0.4785953362539276  -19.14161203110116 
 60163.382737693435    0.6735449083572562    0.04747999804962012      z  0.8376120641374558  68.96315053643531 0.015732776518691788 22.849117723483147  0.48472194831264337 -18.907118010646993 
  60163.39702312764    0.6733896824212581   0.047359949456176005      y  0.7730590364098019  36.64746726360416 0.023344738658538786 22.162684903079676  0.48472194831264337 -18.907118010646993 
 63015.424802872876    0.8553156012701969     0.4794244161498487      z  1.3420644337438086  44.16401868477322  0.03199127811025558  22.36524645152967   0.4785953362539276  -19.14161203110116 
  61547.42938106161    0.8065897981196928     0.4993790529771753      z  0.9205434498465676  46.23683300843295 0.022279601244641768  22.41504518774385   0.9858434606942007 -19.284448464712245 
  61257.40176613685     0.705171595099558    0.06082701021693098      z  0.8846815176023753  66.48216091817403 0.016645648410018185  22.80933780714953   1.3056936815639253  -19.18378028359043 
 62040.162263694554  -0.02405139756295573    -0.3541738225284625      z  1.3749821750091826  45.55190794449377  0.03179829168380491 22.398841419513285   1.5019666576557553  -19.44342698514331 
  61276.22023346076   0.47427107340305197   -0.10315275385266705      y  0.7477273169938751  38.40106348545837 0.021889274447358182  22.21343311905473   1.0368348075532015  -19.40119341017905 
 63162.070168491024  -0.43030488777880116    -0.4738788763388058      y   0.819762563180245  37.32640593689297 0.024131504021845055 22.182615426276865   0.9782943118729405   -19.5946179016169 
  61276.23602002529    0.4740567478325842    -0.1032847644168714      y   1.176942746473391 24.097633365859217 0.049853823312229886 21.707510970429343   1.0368348075532015  -19.40119341017905 
 61611.415923499386    0.8056871745873004    0.15228366055423254      z   1.254871942311516   43.3867728440122 0.030602859524186187   22.3459683592306   1.1106876312404905 -19.207807667368087 
   61366.1315784746   -0.7680097471402415   -0.48846453116872346      y   0.739719606758567   32.5986452971162   0.0247974704319564  22.03557387029516   1.0091216450625422  -19.65985729562507 
  63168.16540347298   -0.5127006152016832    -0.4824115953411481      y  0.7541318695240299  29.67503221176619 0.027309724304611326 21.933552986776206   0.9564718909821223  -19.13602658092268 
  63168.06163253575    -0.511348229919046   -0.48220660814328076      y  0.8058658549225477  29.13815326326872 0.029409086481926083 21.913730047433702   0.9564718909821223  -19.13602658092268 
  62458.12399075641   -0.7374666320908633   -0.49149819111925397      y  1.0420873896024405 23.199211239401247 0.046018739477978285  21.66625803757267   1.2669998137277543  -18.86263279598528 
  63490.15136857404   0.14709303883907043    -0.2803337010789575      z  0.8867629418700002  64.26167936369725 0.017041692540169007  22.77245516633723   1.5107985873367058   -19.4609808461097 
  62458.10734893665   -0.7373140508035759   -0.49151494673880886      z   0.953587251046018   46.0627367214612 0.022990642355415862 22.410949331899666   1.2669998137277543  -18.86263279598528 
  61366.11527488158   -0.7678756406738823    -0.4884937783354372      z  0.6761606932560925  66.27997286283532 0.014285388015242593 22.806030793992772   1.0091216450625422  -19.65985729562507 
  63168.07778782106   -0.5115588808962322    -0.4822386235150845      y  0.7979414019979826 30.040885222671378 0.028381890790399746 21.946856804136175   0.9564718909821223  -19.13602658092268 
  61395.04764348519   -0.8977828091285518   -0.38082704164017195      z  1.0120865788702498  47.73289308970184 0.023442964422342352 22.449619383519707    1.752032151994217  -19.61419205530552 
  63162.05354065893  -0.43007382016856416    -0.4738329561364445      z  0.8142327920411562  78.39523812404344 0.014417845030562922 22.988299198190596   0.9782943118729405   -19.5946179016169 
 63168.149845927364    -0.512497968352669   -0.48238096265763586      y  0.6267114446606662  36.99596117789536 0.019671387188102102  22.17296077676707   0.9564718909821223  -19.13602658092268 
  61685.12053399541  -0.20209682773707396   -0.39601863693704864      z  1.0856509716204104  59.25781319974646 0.020872277715010372  22.68443904066808   0.3147665449536913  -18.63460010411268 
  63378.42567984698    0.8401326376117714    0.48274846447332903      z  1.0873145198332193  43.47624746372163 0.026934544606960813 22.348205119316532   0.6157310119943066 -18.424029697529434 
 62459.118769948254   -0.7569504331030898    -0.4822202304805893      y  1.2751268767402282 18.467224407309732  0.06976848145503751  21.41857905570161   0.1755553369447523  -18.35810771430908 
 63199.100028371955   -0.8245227641490428    -0.4696757434866517      z  0.7330135770164551   63.5140238782911 0.015270692087243722 22.759749059103186   0.8513896041444475  -18.77132474357704 
 62459.101637374006   -0.7568019557945215     -0.482238662426557      z   1.125347651123173 37.722070822218626   0.0314640166040566  22.19406380443827   0.1755553369447523  -18.35810771430908 
  63430.36721484809    0.8471911079974382    0.20886727983249706      z  0.7733902551647902  88.27618527513076 0.013294947772616068 23.117183882912418  0.17048535554265484 -18.812748355039915 
  61247.40326773516    0.7902625038074862    0.14690612380501178      z  1.0343793011585405  63.56865794120517 0.019099029170997546 22.760682595961615  0.44499124772753956 -18.602077068187423 
   62042.1208132169  -0.07537345546445756   -0.35584226802779145      z  1.1532580278255538  47.05311412460741 0.026471224450043084  22.43404591841816    0.324145415523346 -18.852892528791624 
  61748.06237635895   -0.8753565144313783    -0.4330342835088971      z  0.8609116115792409  56.35945353063227  0.01825751861679507 22.629991922849882  0.16321414003089307 -18.569971054876046 
 62288.426689497624    0.8791716311112123     0.4659694106058553      z  1.1496508847951186  43.32724332625068 0.028355956564243057 22.344477634531327   0.1730647251294132 -18.543649083228416 
  61748.07887012222   -0.8754176491106435   -0.43296978767536276      y   0.832442082902692 30.240873518631783 0.029287174062331937 21.954060818571048  0.16321414003089307 -18.569971054876046 
